LSTM_lr0.0003_eps1e-07 Results
----------------------------------------
MSE: 0.000013
MAE: 0.002993
RMSE: 0.003616
R2: -419485.406250
MAPE: 0.000000
SMAPE: 2.993035
