LSTM_lr0.0003_eps1e-08 Results
----------------------------------------
MSE: 0.000008
MAE: 0.002192
RMSE: 0.002903
R2: -107839.492188
MAPE: 0.000000
SMAPE: 2.191861
