LSTM_lr0.0002_eps1e-07 Results
----------------------------------------
MSE: 0.000014
MAE: 0.002920
RMSE: 0.003757
R2: -603805.625000
MAPE: 0.000000
SMAPE: 2.920144
