MLP_final Results
----------------------------------------
MSE: 0.000009
MAE: 0.002636
RMSE: 0.002955
R2: -85493.179688
MAPE: 0.000000
SMAPE: 2.635976
