LSTM_lr0.0002_eps1e-08 Results
----------------------------------------
MSE: 0.000012
MAE: 0.002940
RMSE: 0.003522
R2: -167331.125000
MAPE: 0.000000
SMAPE: 2.940169
